Cluster1:,8,20,45,52,59,77,79,81,87,99,101,102,104,115,117,119,125,135,149,154,160,162,163,180,197,204,216,221,232,243,248,252,265,272,293,301,306,310,320,321,323,325,330,336,341,344,355,370,376,387,405,426,430,449,451,454,462,471,474,478,490,494,504,521,537,540,543,552,568,570,571,572,588,597,602,604,614,620,636,644,645,650,658,670,676,686,704,711,721,749,752,759,760,767,770,774,779,780,782,783,801,806,826,827,831,838,843,878,886,895,896,905,919,921,943,950,958,964,978,994,1002,1017,1022,1036,1041,1052,1058,1064,1074,1076,1089,1091,1094,1119,1122,1131,1132,1141,1142,1143,1144,1150,1156,1163,1169,1171,1177,1183,1193,1208,1216,1219,1227,1243,1245,1253,1256,1259,1281,1282,1284,1286,1289,1297,1301,1304,1306,1309,1311,1337,1339,1340,1341,1345,1350,1352,1378,1386,1393,1394,1395,1400,1406,1415,1424,1431,1437,1442,1443,1447,1448,1449,1470,1475,1491,1495,1497,1502,1511,1519,1520,1533,1538,1551,1588,1590,1594,1598,1599,1607,1615,1620,1633,1634,1637,1646,1659,1662,1665,1667,1676,1690,1703,1723,1729,1731,1744,1745,1754,1768,1770,1777,1780,1781,1784,1785,1791,1794,1805,1819,1844,1847,1861,1864,1869,1872,1874,1877,1883,1893,1906,1942,1947,1953,1958,1965,1966,1973,1983,1987,1990,1996,1999,2023,2032,2049,2057,2067,2070,2071,2073,2082,2090,2094,2099,2111,2115,2118,2121,2139,2143,2151,2155,2160,2161,2178,2188,2191,2198,2203,2210,2215,2217,2221,2257,2258,2263,2270,2282,2286,2295,2306,2335,2354,2373,2381,2391,2393,2420,2421,2423,2426,2432,2438,2441,2445,2447,2448,2449,2450,2467,2475,2479,2481,2482,2491,2496,2524,2525,2527,2549,2550,2570,2575,2582,2584,2593,2594,2613,2614,2618,2620,2622,2629,2635,2636,2649,2654,2656,2682,2689,2703,2711,2721,2723,2736,2743,2747,2749,2756,2764,2769,2770,2771,2788,2790,2795,2802,2810,2814,2817,2826,2834,2846,2858,2880,2891,2905,2911,2918,2922,2929,2931,2947,2955,2959,2963,2973,2976,2981,3014,3019,3021,3032,3035,3052,3056,3061,3102,3116,3124,3125,3128,3160,3161,3162,3164,3185,3196,3197,3203,3207,3225,3231,3239,3258,3267,3270,3271,3273,3285,3288,3297,3305,3310,3311,3325,3330,3338,3346,3366,3372,3377,3380,3381,3391,3396,3399,3422,3423,3435,3436,3440,3467,3478,3485,3495,3496,3497,3513,3518,3526,3543,3548,3550,3558,3560,3571,3579,3583,3584,3586,3601,3602,3609,3616,3627,3643,3648,3656,3674,3676,3683,3686,3689,3692,3701,3707,3714,3716,3729,3733,3744,3746,3753,3756,3760,3761,3771,3773,3776,3795,3802,3805,3819,3823,3829,3842,3847,3852,3858,3871,3881,3901,3904,3923,3928,3932,3949,3957,3958,3976,3977,3980,3985,3986,4002,4003,4009,4011,4020,4021,4049,4051,4057,4070,4072,4078,4096,4111,4114,4116,4118,4120,4125,4135,4147,4148,4154,4161,4164,4168,4174,4190,4195,4196,4201,4202,4208,4216,4219,4223,4224,4235,4239,4271,4285,4295,4297,4304,4305,4330,4334,4343,4350,4352,4355,4362,4368,4372,4396,4399,4405,4407,4425,4443,4445,4447,4453,4466,4477,4480,4488,4495,4497,4507,4556,4557,4558,4564,4567,4576,4580,4589,4592,4596,4615,4618,4619,4633,4641,4642,4643,4649,4671,4698,4712,4714,4719,4731,4744,4748,4750,4767,4771,4778,4779,4795,4797,4798,4803,4807,4809,4813,4819,4824,4831,4846,4853,4868,4882,4884,4888,4905,4909,4913,4921,4932,4937,4948,4956,4961,4978,4983,4984,4985,4995,4998,4999,5008,5010,5019,5032,5038,5055,5069,5070,5089,5092,5102,5106,5108,5124,5136,5151,5163,5167,5172,5174,5183,5206,5210,5216,5222,5223,5226,5230,5235,5241,5242,5249,5254,5256,5258,5270,5285,5286,5293,5294,5295,5301,5303,5304,5308,5310,5318,5322,5340,5342,5343,5348,5352,5358,5376,5384,5398,5405,5413,5418,5430,5431,5432,5433,5437,5451,5473,5475,5482,5499,5500,5526,5532,5533,5542,5551,5555,5557,5559,5580,5596,5604,5605,5606,5614,5616,5617,5619,5624,5627,5633,5634,5642,5659,5668,5672,5675,5676,5683,5691,5707,5712,5714,5716,5727,5734,5739,5744,5751,5757,5770,5771,5774,5789,5794,5809,5810,5834,5835,5847,5852,5869,5876,5877,5886,5898,5900,5911,5913,5932,5933,5941,5944,5948,5950,5951,5954,5958,5962,5973,5979,5982,5984,5990,5994,5998,6018,6021,6069,6071,6076,6080,6083,6093,6100,6107,6113,6119,6126,6135,6148,6151,6155,6156,6157,6166,6180,6192,6210,6211,6212,6217,6228,6233,6236,6257,6263,6265,6288,6306,6313,6335,6347,6350,6365,6372,6388,6394,6398,6402,6406,6417,6418,6429,6436,6440,6452,6459,6466,6480,6507,6522,6524,6530,6531,6541,6544,6545,6557,6564,6566,6581,6592,6593,6597,6598,6603,6607,6608,6609,6629,6636,6662,6669,6685,6691,6696,6698,6708,6720,6721,6729,6736,6744,6760,6779,6785,6805,6832,6854,6855,6863,6866,6883,6932,6939,6944,6962,6971,6992,6995,6997,7001,7013,7014,7039,7040,7059,7060,7061,7072,7074,7094,7101,7105,7107,7122,7127,7132,7138,7152,7153,7164,7166,7171,7176,7186,7191,7198,7207,7210,7212,7220,7231,7232,7255,7258,7261,7262,7263,7282,7283,7287,7297,7300,7301,7307,7308,7316,7322,7328,7332,7337,7338,7342,7352,7356,7357,7360,7366,7368,7378,7381,7382,7393,7406,7410,7413,7417,7425,7433,7437,7443,7444,7447,7451,7454,7472,7476,7485,7496,7517,7529,7535,7538,7541,7546,7550,7582,7589,7620,7627,7628,7633,7641,7652,7668,7671,7685,7692,7693,7695,7700,7711,7715,7719,7721,7733,7738,7745,7746,7757,7758,7782,7789,7813,7832,7845,7848,7851,7852,7860,7862,7868,7870,7905,7913,7935,7942,7948,7959,7967,7970,7977,7988,8018,8020,8021,8022,8023,8026,8039,8040,8063,8069,8087,8089,8093,8105,8106,8107,8115,8116,8124,8130,8134,8139,8140,8141,8172,8173,8176,8179,8188,8189,8196,8199,8203,8228,8234,8237,8252,8254,8260,8269,8275,8279,8281,8283,8285,8289,8304,8317,8321,8323,8326,8337,8340,8345,8351,8359,8363,8366,8367,8373,8375,8384,8405,8410,8429,8434,8438,8439,8467,8471,8472,8481,8486,8488,8489,8497,8504,8511,8540,8541,8546,8550,8559,8568,8570,8576,8598,8599,8607,8608,8614,8615,8626,8639,8659,8664,8683,8691,8692,8717,8728,8729,8737,8763,8769,8770,8791,8793,8798,8819,8821,8834,8837,8840,8846,8856,8857,8865,8867,8893,8894,8904,8907,8921,8925,8927,8928,8929,8932,8942,8952,8960,8980,9000,9014,9027,9038,9049,9050,9064,9066,9076,9088,9102,9103,9108,9125,9139,9140,9141,9161,9169,9184,9194,9197,9198,9213,9235,9238,9241,9242,9243,9252,9262,9271,9292,9297,9301,9308,9311,9316,9328,9331,9342,9366,9373,9378,9385,9394,9404,9413,9414,9426,9427,9435,9438,9451,9455,9456,9457,9462,9467,9469,9477,9480,9487,9492,9509,9512,9513,9514,9527,9531,9532,9534,9543,9550,9555,9562,9573,9574,9582,9583,9584,9592,9596,9601,9606,9638,9642,9644,9667,9673,9675,9676,9682,9717,9734,9754,9760,9770,9781,9788,9797,9799,9801,9824,9825,9826,9833,9837,9843,9845,9851,9870,9883,9897,9900,9904,9905,9924,9929,9931,9937,9945,9951,9952,9954,9956,9966,9971,9976,9978,9985,9999,10000,10002,10007,10008,10016,10029,10035,10037,10082,10097,10099,10104,10109,10114,10116,10131,10137,10140,10149,10171,10173,10174,10178,10190,10216,10220,10225,10250,10257,10259,10262,10271,10281
Cluster2:,3,6,8,14,20,21,24,28,38,39,42,43,45,48,52,55,57,59,60,62,64,67,71,75,76,77,79,80,81,84,87,93,96,97,99,101,102,104,105,106,115,117,118,119,125,135,136,137,140,141,143,144,149,152,154,155,157,158,160,162,163,164,165,171,177,178,181,182,187,188,190,192,194,195,197,201,204,211,214,216,221,222,224,226,228,235,237,238,240,243,244,246,248,250,252,265,268,272,273,274,275,280,281,286,288,291,294,297,298,299,300,301,304,306,307,310,314,315,317,319,320,321,322,323,328,329,330,331,335,336,337,341,345,346,349,350,353,354,355,360,361,362,364,373,376,378,381,382,389,391,392,395,397,398,399,400,401,405,409,414,415,420,423,426,430,435,436,437,440,443,446,448,449,450,453,454,461,462,463,465,467,468,472,474,478,481,484,486,487,489,490,491,494,496,497,498,502,504,505,506,508,509,510,511,518,521,522,526,529,531,532,533,534,537,538,540,542,543,544,545,546,554,564,566,567,568,569,571,572,573,575,576,578,581,587,588,591,597,599,601,602,604,606,612,614,615,617,618,619,620,621,622,624,625,627,631,632,633,634,636,638,639,642,644,645,646,647,649,652,658,661,662,663,664,669,670,676,679,680,683,686,689,690,692,694,697,700,704,711,712,718,719,720,721,724,726,728,730,732,734,739,741,742,747,749,750,752,753,754,755,757,759,760,766,767,768,769,770,771,774,779,780,781,782,783,785,787,788,789,790,791,794,799,803,806,808,809,810,814,815,817,821,822,824,825,826,827,830,831,834,838,840,843,847,849,850,856,857,858,863,865,866,867,868,872,873,874,875,876,878,880,882,886,891,892,893,895,896,900,901,904,908,911,913,915,918,919,921,922,923,924,925,930,933,934,939,941,943,944,948,949,950,954,955,958,959,965,969,971,972,975,976,978,983,985,988,992,993,994,995,996,997,1002,1003,1004,1005,1013,1014,1017,1020,1021,1022,1025,1026,1032,1034,1035,1036,1038,1041,1042,1043,1048,1049,1050,1052,1053,1056,1058,1059,1062,1064,1070,1071,1072,1073,1076,1079,1082,1083,1084,1085,1088,1089,1090,1093,1094,1095,1097,1098,1099,1103,1107,1109,1116,1117,1119,1124,1125,1131,1132,1133,1134,1135,1136,1137,1140,1141,1142,1143,1144,1145,1146,1147,1149,1150,1151,1152,1155,1156,1159,1163,1166,1168,1169,1171,1172,1173,1174,1177,1178,1181,1183,1185,1187,1188,1190,1192,1193,1195,1197,1202,1208,1209,1213,1214,1216,1217,1222,1227,1232,1234,1235,1240,1241,1243,1244,1245,1249,1252,1253,1255,1256,1258,1259,1260,1262,1264,1265,1266,1267,1268,1277,1279,1281,1282,1284,1286,1289,1291,1295,1297,1298,1299,1302,1304,1306,1309,1310,1311,1312,1317,1319,1322,1323,1325,1328,1330,1331,1334,1339,1340,1341,1343,1344,1345,1347,1350,1352,1353,1358,1360,1361,1362,1367,1368,1370,1371,1374,1375,1376,1377,1378,1380,1386,1389,1390,1391,1393,1394,1395,1396,1399,1401,1402,1406,1408,1415,1416,1419,1420,1424,1425,1426,1428,1429,1430,1431,1432,1434,1437,1438,1439,1440,1442,1443,1444,1445,1446,1447,1448,1449,1451,1455,1460,1469,1470,1471,1475,1478,1481,1482,1483,1484,1487,1490,1491,1494,1495,1497,1499,1501,1504,1508,1511,1514,1519,1524,1528,1529,1530,1532,1533,1537,1538,1539,1542,1545,1548,1549,1550,1551,1553,1556,1559,1560,1563,1564,1566,1567,1571,1572,1574,1575,1577,1582,1586,1587,1588,1590,1593,1594,1597,1598,1599,1600,1601,1604,1605,1606,1607,1610,1612,1614,1617,1620,1622,1624,1625,1626,1628,1633,1634,1636,1637,1639,1641,1642,1643,1644,1646,1647,1650,1653,1654,1655,1658,1659,1660,1662,1663,1665,1667,1668,1672,1674,1675,1676,1677,1680,1682,1684,1690,1693,1694,1696,1700,1701,1703,1706,1712,1714,1716,1717,1718,1719,1720,1721,1722,1724,1726,1729,1733,1734,1736,1737,1738,1740,1741,1743,1744,1745,1753,1754,1755,1758,1759,1761,1763,1765,1766,1767,1768,1769,1770,1772,1777,1780,1781,1785,1787,1788,1792,1794,1796,1798,1799,1800,1802,1805,1806,1807,1812,1813,1814,1817,1818,1819,1820,1821,1822,1823,1825,1827,1828,1829,1832,1836,1843,1844,1845,1847,1848,1849,1850,1853,1861,1862,1863,1864,1865,1866,1869,1871,1872,1874,1877,1881,1882,1883,1887,1890,1891,1892,1893,1894,1896,1897,1900,1901,1902,1905,1906,1910,1912,1915,1916,1917,1921,1929,1930,1932,1935,1936,1939,1940,1941,1942,1946,1947,1948,1953,1954,1958,1959,1961,1962,1963,1965,1966,1967,1970,1971,1972,1974,1975,1976,1977,1980,1982,1983,1987,1988,1996,1999,2001,2012,2015,2019,2021,2022,2023,2029,2030,2032,2034,2035,2039,2042,2047,2048,2050,2052,2053,2054,2057,2059,2060,2061,2063,2064,2065,2066,2068,2070,2073,2075,2077,2079,2081,2082,2084,2086,2087,2090,2094,2095,2099,2102,2106,2107,2108,2111,2112,2115,2118,2121,2123,2124,2127,2130,2132,2133,2134,2139,2141,2143,2150,2151,2152,2153,2155,2156,2158,2166,2168,2169,2171,2172,2173,2175,2176,2177,2178,2181,2182,2184,2186,2187,2188,2191,2193,2195,2198,2199,2200,2201,2204,2206,2210,2211,2217,2218,2219,2220,2221,2222,2223,2224,2225,2229,2234,2237,2245,2251,2252,2254,2257,2258,2260,2261,2263,2268,2270,2271,2272,2273,2275,2278,2281,2282,2286,2293,2295,2298,2299,2300,2301,2302,2303,2304,2305,2306,2309,2310,2311,2312,2315,2316,2318,2323,2324,2327,2329,2331,2332,2335,2341,2352,2354,2355,2366,2368,2371,2373,2378,2381,2382,2390,2391,2393,2396,2398,2400,2402,2406,2411,2412,2414,2415,2420,2421,2422,2426,2429,2431,2432,2433,2434,2436,2439,2441,2443,2444,2445,2446,2448,2449,2451,2452,2453,2457,2458,2459,2462,2463,2464,2466,2467,2468,2469,2475,2476,2479,2480,2481,2482,2486,2487,2488,2489,2491,2492,2493,2494,2496,2499,2500,2501,2502,2504,2505,2510,2511,2512,2515,2516,2518,2521,2524,2525,2526,2527,2528,2533,2536,2545,2547,2548,2549,2550,2552,2553,2556,2557,2559,2564,2566,2568,2569,2570,2574,2576,2581,2582,2584,2585,2586,2587,2588,2589,2594,2596,2599,2604,2605,2610,2613,2614,2615,2616,2618,2620,2622,2625,2626,2627,2629,2631,2633,2636,2638,2640,2641,2643,2646,2647,2649,2651,2656,2663,2664,2666,2677,2678,2679,2680,2682,2683,2688,2689,2690,2692,2693,2695,2697,2698,2701,2702,2705,2709,2711,2715,2716,2718,2722,2723,2725,2727,2728,2730,2732,2733,2735,2736,2740,2742,2743,2746,2747,2749,2752,2756,2757,2760,2762,2767,2769,2770,2773,2777,2780,2781,2782,2787,2788,2790,2791,2793,2795,2799,2802,2808,2809,2810,2814,2815,2817,2818,2822,2824,2826,2828,2829,2830,2832,2833,2834,2835,2837,2838,2839,2840,2849,2850,2852,2856,2858,2862,2863,2866,2868,2871,2880,2885,2890,2891,2896,2900,2901,2903,2905,2908,2911,2916,2918,2919,2922,2924,2930,2933,2939,2941,2942,2945,2946,2952,2954,2955,2956,2957,2959,2964,2965,2966,2968,2969,2970,2973,2974,2976,2981,2984,2986,2987,2990,2993,2994,2995,2996,2998,3000,3002,3003,3004,3012,3013,3016,3019,3021,3024,3025,3031,3032,3034,3035,3039,3040,3042,3046,3048,3049,3056,3063,3065,3066,3068,3070,3075,3077,3080,3082,3086,3087,3090,3101,3102,3108,3109,3113,3115,3121,3123,3124,3125,3128,3130,3138,3140,3149,3151,3152,3153,3160,3161,3162,3163,3164,3168,3173,3174,3177,3178,3183,3185,3186,3192,3194,3195,3197,3198,3203,3205,3206,3209,3210,3212,3213,3218,3225,3226,3231,3234,3236,3238,3239,3240,3242,3243,3244,3245,3247,3250,3251,3253,3256,3257,3258,3260,3261,3262,3267,3268,3269,3270,3271,3273,3277,3280,3285,3288,3293,3295,3297,3302,3303,3305,3308,3310,3311,3314,3316,3317,3319,3321,3322,3324,3325,3326,3328,3330,3334,3335,3338,3342,3348,3352,3354,3357,3358,3359,3360,3363,3365,3366,3369,3370,3372,3377,3380,3381,3386,3390,3391,3393,3395,3396,3397,3399,3400,3406,3408,3411,3412,3413,3416,3418,3419,3420,3422,3423,3426,3432,3435,3436,3438,3440,3442,3443,3445,3446,3448,3449,3450,3457,3463,3466,3468,3469,3470,3471,3473,3476,3477,3485,3486,3487,3490,3491,3495,3496,3497,3499,3500,3501,3503,3504,3505,3508,3513,3518,3523,3524,3525,3527,3528,3530,3531,3532,3533,3537,3539,3543,3545,3547,3548,3549,3550,3552,3553,3554,3558,3560,3566,3567,3568,3571,3574,3576,3579,3580,3583,3584,3585,3586,3588,3589,3592,3593,3594,3596,3598,3599,3600,3601,3602,3610,3613,3615,3624,3627,3629,3643,3648,3654,3655,3656,3661,3663,3667,3669,3671,3673,3676,3680,3682,3683,3685,3686,3691,3692,3695,3706,3709,3711,3713,3714,3716,3718,3721,3724,3725,3728,3729,3730,3731,3733,3738,3744,3746,3747,3748,3749,3753,3754,3755,3759,3760,3761,3762,3763,3767,3773,3776,3777,3787,3788,3795,3796,3797,3799,3801,3802,3805,3806,3807,3808,3816,3819,3820,3823,3826,3829,3832,3833,3838,3844,3845,3846,3847,3851,3852,3854,3855,3857,3858,3859,3860,3864,3870,3871,3872,3876,3878,3879,3880,3881,3882,3885,3889,3893,3897,3898,3901,3903,3904,3906,3909,3911,3917,3919,3921,3922,3923,3928,3929,3932,3933,3937,3938,3939,3941,3944,3945,3949,3950,3951,3952,3955,3957,3958,3961,3963,3964,3966,3972,3974,3976,3977,3978,3979,3981,3982,3985,3986,3987,3989,3994,3995,3996,3998,3999,4001,4003,4009,4011,4015,4020,4021,4023,4024,4026,4028,4029,4032,4040,4043,4044,4045,4046,4048,4049,4051,4052,4057,4058,4061,4065,4066,4068,4069,4070,4071,4072,4075,4079,4080,4086,4090,4094,4096,4099,4101,4104,4105,4107,4109,4110,4113,4114,4115,4116,4118,4119,4120,4121,4125,4126,4128,4135,4147,4148,4149,4150,4152,4154,4157,4161,4164,4165,4168,4174,4175,4176,4181,4188,4190,4193,4195,4196,4198,4201,4202,4204,4205,4208,4211,4216,4218,4219,4220,4221,4223,4224,4225,4226,4228,4230,4231,4234,4235,4239,4240,4243,4247,4250,4251,4252,4253,4256,4257,4259,4261,4263,4264,4271,4273,4274,4277,4282,4283,4284,4285,4292,4295,4297,4300,4301,4303,4304,4307,4316,4317,4319,4323,4325,4330,4332,4334,4337,4340,4341,4343,4344,4346,4349,4351,4352,4355,4356,4357,4358,4360,4361,4362,4363,4364,4368,4372,4373,4374,4375,4376,4377,4378,4386,4391,4396,4397,4399,4401,4402,4405,4406,4407,4408,4409,4410,4413,4415,4416,4417,4418,4419,4423,4425,4431,4433,4436,4437,4443,4444,4445,4447,4453,4460,4463,4464,4465,4466,4467,4470,4471,4474,4477,4480,4483,4485,4486,4488,4490,4492,4495,4496,4497,4498,4499,4507,4508,4510,4514,4516,4518,4520,4522,4527,4531,4536,4538,4540,4541,4543,4544,4547,4548,4552,4554,4556,4557,4558,4561,4562,4564,4568,4571,4573,4574,4576,4579,4580,4582,4583,4584,4586,4589,4592,4595,4596,4598,4601,4603,4607,4609,4610,4615,4616,4618,4620,4623,4627,4628,4629,4630,4631,4632,4633,4635,4637,4641,4642,4643,4647,4650,4651,4653,4654,4655,4657,4658,4659,4661,4664,4666,4667,4671,4674,4676,4678,4679,4682,4686,4690,4691,4693,4695,4698,4700,4703,4709,4711,4712,4714,4718,4719,4720,4722,4727,4731,4732,4734,4736,4737,4738,4742,4744,4747,4748,4750,4753,4755,4761,4762,4766,4767,4768,4771,4778,4779,4780,4783,4784,4785,4796,4797,4803,4804,4807,4810,4814,4819,4823,4824,4826,4828,4829,4830,4831,4836,4838,4842,4844,4845,4846,4853,4856,4858,4861,4871,4873,4875,4878,4879,4881,4882,4884,4889,4890,4894,4900,4903,4905,4907,4909,4910,4912,4913,4914,4921,4923,4924,4925,4928,4932,4937,4941,4942,4947,4948,4953,4956,4958,4960,4961,4963,4965,4969,4972,4973,4977,4978,4979,4981,4982,4983,4984,4985,4995,4998,4999,5000,5001,5002,5007,5008,5010,5014,5016,5019,5020,5024,5025,5026,5032,5036,5038,5040,5044,5047,5050,5053,5054,5055,5060,5063,5065,5067,5071,5073,5075,5077,5078,5079,5080,5081,5083,5084,5086,5088,5089,5090,5092,5095,5099,5102,5106,5108,5113,5114,5123,5124,5125,5126,5127,5129,5130,5134,5135,5136,5140,5142,5143,5144,5147,5148,5151,5153,5156,5158,5159,5162,5163,5165,5167,5171,5172,5174,5180,5181,5183,5189,5195,5199,5203,5204,5206,5207,5208,5210,5216,5219,5221,5222,5223,5226,5230,5232,5234,5235,5239,5242,5244,5249,5250,5252,5253,5254,5256,5257,5258,5265,5266,5270,5273,5277,5278,5281,5283,5284,5285,5286,5287,5289,5290,5293,5294,5295,5301,5302,5303,5304,5305,5306,5307,5308,5310,5312,5313,5315,5318,5322,5324,5329,5333,5338,5339,5340,5341,5342,5345,5346,5347,5348,5351,5353,5358,5363,5368,5372,5374,5376,5379,5381,5384,5385,5387,5388,5391,5393,5398,5405,5406,5409,5410,5413,5414,5416,5418,5419,5426,5427,5428,5429,5430,5431,5432,5433,5435,5437,5441,5447,5451,5452,5453,5459,5461,5464,5465,5466,5471,5472,5473,5475,5476,5478,5481,5482,5490,5493,5494,5496,5498,5499,5500,5501,5512,5513,5514,5516,5519,5524,5526,5528,5531,5532,5535,5536,5537,5541,5542,5546,5551,5555,5557,5558,5559,5560,5565,5566,5570,5572,5573,5576,5580,5583,5584,5588,5589,5590,5592,5593,5594,5596,5597,5598,5602,5604,5605,5606,5607,5608,5610,5613,5614,5615,5616,5617,5618,5620,5624,5627,5633,5634,5635,5639,5640,5641,5642,5643,5644,5645,5647,5652,5653,5654,5655,5657,5658,5659,5660,5663,5665,5666,5667,5668,5672,5673,5675,5676,5677,5681,5682,5686,5687,5690,5691,5700,5701,5702,5708,5712,5714,5716,5717,5718,5721,5722,5723,5724,5726,5727,5729,5733,5735,5738,5740,5742,5744,5751,5753,5757,5760,5761,5766,5769,5770,5771,5773,5774,5782,5784,5786,5789,5790,5791,5792,5794,5799,5802,5803,5804,5809,5810,5812,5813,5820,5827,5829,5831,5833,5834,5835,5838,5844,5846,5847,5851,5852,5855,5858,5869,5871,5872,5876,5877,5879,5881,5886,5887,5890,5895,5896,5898,5900,5902,5903,5905,5909,5910,5911,5912,5913,5923,5927,5932,5933,5938,5941,5943,5944,5948,5950,5951,5952,5953,5956,5957,5958,5962,5966,5967,5968,5971,5972,5973,5974,5975,5979,5981,5982,5984,5986,5988,5991,5992,5994,5998,5999,6001,6003,6004,6008,6009,6010,6012,6013,6014,6015,6017,6018,6019,6021,6022,6027,6029,6030,6032,6033,6034,6036,6039,6041,6042,6044,6047,6048,6051,6055,6056,6057,6061,6067,6068,6069,6071,6075,6076,6077,6079,6080,6081,6083,6086,6087,6092,6093,6095,6096,6098,6099,6100,6101,6104,6105,6107,6111,6113,6114,6115,6117,6118,6119,6120,6126,6127,6132,6134,6135,6138,6141,6145,6146,6147,6149,6151,6152,6153,6154,6155,6157,6159,6160,6161,6162,6163,6165,6166,6168,6174,6175,6180,6182,6187,6191,6193,6194,6197,6203,6205,6208,6209,6210,6211,6212,6213,6216,6220,6221,6224,6225,6227,6228,6230,6233,6240,6242,6251,6252,6254,6257,6259,6260,6262,6263,6265,6272,6279,6286,6288,6289,6291,6293,6299,6302,6306,6307,6311,6313,6317,6323,6324,6327,6329,6335,6339,6341,6345,6346,6347,6348,6350,6352,6353,6354,6358,6359,6361,6363,6366,6367,6369,6370,6372,6376,6382,6383,6387,6388,6393,6394,6398,6399,6402,6406,6408,6411,6412,6416,6417,6421,6423,6424,6428,6429,6430,6439,6440,6442,6444,6446,6448,6452,6457,6460,6461,6462,6464,6465,6470,6471,6477,6479,6480,6484,6486,6487,6488,6490,6494,6496,6499,6507,6511,6517,6518,6519,6522,6524,6525,6527,6530,6531,6541,6544,6545,6547,6551,6554,6555,6557,6558,6559,6560,6563,6564,6566,6569,6571,6572,6573,6574,6575,6576,6579,6581,6582,6584,6585,6589,6590,6592,6593,6594,6597,6600,6603,6604,6607,6608,6611,6617,6618,6629,6631,6632,6634,6635,6647,6648,6650,6651,6652,6662,6663,6665,6666,6669,6670,6679,6681,6683,6685,6686,6687,6689,6690,6693,6698,6699,6702,6708,6709,6712,6713,6714,6716,6717,6720,6721,6722,6726,6727,6729,6730,6732,6735,6736,6738,6744,6745,6746,6749,6750,6752,6756,6760,6761,6762,6763,6769,6771,6774,6775,6776,6780,6782,6785,6788,6789,6792,6793,6798,6799,6805,6808,6812,6821,6829,6831,6832,6835,6837,6841,6843,6845,6847,6851,6854,6855,6863,6864,6866,6869,6873,6877,6878,6880,6881,6882,6886,6887,6888,6890,6894,6895,6897,6899,6900,6902,6904,6905,6910,6911,6912,6914,6915,6921,6923,6924,6928,6930,6931,6932,6934,6938,6939,6940,6945,6948,6950,6951,6952,6956,6957,6958,6960,6961,6962,6964,6967,6968,6970,6971,6976,6977,6982,6985,6987,6988,6992,6995,7000,7001,7003,7004,7006,7011,7013,7014,7015,7016,7017,7021,7024,7031,7035,7039,7040,7051,7052,7055,7056,7059,7060,7061,7063,7065,7068,7069,7072,7074,7075,7082,7085,7088,7093,7094,7098,7100,7101,7104,7105,7107,7109,7110,7112,7113,7116,7120,7121,7122,7125,7127,7128,7129,7131,7132,7133,7134,7138,7140,7141,7143,7144,7145,7146,7148,7149,7152,7153,7154,7155,7157,7158,7164,7165,7166,7171,7172,7176,7179,7180,7182,7183,7185,7186,7189,7190,7191,7195,7197,7198,7200,7201,7203,7204,7206,7207,7209,7212,7213,7218,7220,7221,7223,7227,7231,7232,7234,7238,7239,7242,7243,7245,7255,7258,7261,7262,7263,7265,7270,7274,7275,7279,7281,7282,7283,7286,7287,7288,7291,7292,7294,7297,7300,7301,7304,7307,7308,7312,7315,7316,7319,7321,7322,7324,7328,7329,7331,7332,7334,7335,7336,7337,7338,7341,7342,7343,7352,7354,7355,7356,7359,7360,7362,7363,7364,7366,7368,7370,7373,7376,7377,7378,7379,7382,7387,7388,7391,7393,7396,7399,7401,7403,7406,7410,7411,7412,7413,7416,7418,7424,7425,7428,7429,7433,7440,7441,7444,7445,7446,7447,7448,7452,7454,7455,7460,7464,7465,7470,7472,7476,7478,7480,7481,7482,7484,7485,7490,7494,7496,7497,7499,7501,7502,7505,7512,7514,7517,7520,7521,7522,7523,7524,7526,7529,7530,7531,7535,7537,7538,7539,7541,7543,7546,7547,7548,7550,7555,7556,7558,7559,7560,7563,7566,7569,7570,7571,7573,7576,7578,7582,7584,7585,7586,7587,7588,7589,7593,7594,7595,7596,7598,7599,7600,7601,7602,7604,7607,7609,7612,7613,7614,7615,7617,7618,7620,7621,7622,7626,7627,7628,7630,7633,7637,7639,7641,7642,7643,7646,7648,7650,7652,7655,7656,7663,7668,7670,7671,7672,7675,7676,7677,7683,7684,7685,7687,7689,7690,7692,7693,7694,7695,7696,7698,7700,7701,7702,7703,7704,7711,7713,7715,7717,7718,7719,7720,7721,7726,7727,7729,7733,7734,7738,7743,7745,7746,7750,7757,7758,7763,7765,7767,7769,7770,7775,7779,7780,7782,7787,7788,7792,7793,7794,7797,7798,7801,7805,7806,7807,7808,7810,7811,7812,7813,7814,7818,7820,7821,7822,7825,7828,7831,7832,7835,7836,7839,7841,7843,7845,7846,7848,7851,7852,7854,7859,7860,7862,7863,7866,7869,7870,7871,7872,7874,7879,7882,7883,7888,7890,7893,7896,7904,7905,7906,7908,7909,7913,7914,7915,7917,7920,7923,7924,7929,7934,7935,7936,7939,7941,7942,7945,7946,7948,7952,7953,7959,7960,7966,7967,7969,7970,7976,7977,7978,7983,7986,7989,7990,7991,7993,7994,7995,7996,7997,8001,8002,8003,8004,8008,8011,8012,8014,8016,8018,8020,8021,8023,8024,8026,8032,8033,8034,8035,8039,8040,8042,8053,8056,8059,8060,8061,8063,8068,8069,8070,8072,8074,8077,8080,8084,8087,8091,8093,8101,8104,8106,8108,8110,8111,8113,8115,8117,8118,8121,8124,8125,8127,8130,8132,8137,8139,8140,8141,8142,8145,8146,8151,8154,8163,8164,8166,8167,8169,8172,8173,8176,8179,8181,8182,8183,8184,8186,8188,8189,8191,8195,8196,8198,8199,8202,8203,8204,8211,8212,8220,8226,8228,8231,8234,8235,8236,8237,8238,8239,8240,8241,8242,8243,8245,8247,8252,8254,8255,8259,8260,8263,8266,8267,8269,8270,8274,8275,8279,8280,8281,8283,8285,8287,8289,8291,8293,8294,8296,8298,8300,8302,8303,8304,8308,8310,8311,8315,8321,8322,8323,8326,8329,8333,8336,8338,8340,8341,8345,8350,8351,8354,8355,8356,8359,8360,8362,8363,8364,8366,8367,8369,8370,8373,8374,8375,8376,8378,8380,8381,8382,8384,8387,8388,8389,8390,8391,8394,8403,8404,8405,8410,8411,8414,8416,8425,8427,8429,8430,8434,8435,8438,8439,8442,8452,8454,8457,8458,8462,8463,8466,8467,8470,8471,8472,8473,8474,8477,8481,8482,8485,8486,8488,8489,8490,8491,8493,8496,8497,8498,8500,8504,8510,8511,8517,8520,8522,8524,8526,8528,8531,8533,8534,8540,8541,8544,8545,8546,8548,8550,8551,8552,8555,8556,8559,8564,8565,8568,8571,8573,8575,8576,8577,8578,8592,8594,8596,8598,8599,8602,8612,8614,8615,8617,8621,8624,8625,8626,8628,8632,8640,8644,8646,8647,8649,8652,8653,8658,8659,8663,8664,8665,8667,8669,8670,8671,8673,8674,8676,8679,8683,8684,8687,8688,8691,8692,8697,8698,8701,8704,8706,8708,8709,8710,8711,8712,8713,8715,8716,8717,8720,8723,8724,8725,8728,8729,8731,8732,8733,8734,8736,8737,8742,8743,8745,8746,8749,8752,8753,8754,8758,8760,8761,8763,8765,8768,8769,8770,8771,8772,8773,8775,8777,8779,8782,8784,8785,8787,8788,8791,8792,8793,8794,8798,8800,8806,8809,8810,8813,8814,8815,8816,8817,8819,8821,8825,8834,8837,8838,8839,8840,8843,8844,8846,8849,8850,8853,8854,8856,8860,8862,8865,8867,8870,8872,8876,8882,8884,8885,8886,8887,8888,8893,8894,8895,8897,8898,8899,8900,8901,8902,8904,8905,8906,8908,8909,8911,8912,8914,8915,8919,8921,8922,8924,8926,8927,8928,8929,8932,8937,8939,8940,8943,8945,8946,8947,8948,8952,8960,8963,8964,8966,8968,8970,8973,8976,8977,8980,8981,8989,8991,8994,8995,8998,9000,9001,9003,9004,9005,9006,9009,9013,9014,9016,9018,9019,9021,9023,9024,9025,9026,9027,9029,9032,9037,9039,9040,9042,9045,9047,9048,9049,9050,9058,9061,9062,9063,9064,9065,9066,9069,9070,9073,9074,9075,9076,9080,9081,9086,9087,9088,9089,9090,9093,9097,9099,9101,9103,9108,9110,9111,9115,9116,9123,9124,9125,9128,9129,9130,9133,9134,9137,9139,9140,9141,9143,9149,9150,9152,9155,9157,9159,9161,9162,9166,9167,9169,9176,9178,9179,9181,9182,9184,9187,9188,9190,9191,9197,9198,9200,9204,9209,9210,9213,9214,9216,9220,9222,9225,9226,9227,9228,9235,9238,9241,9242,9243,9244,9245,9247,9249,9251,9254,9256,9257,9258,9262,9263,9264,9266,9268,9270,9271,9279,9280,9283,9292,9297,9299,9301,9304,9306,9308,9309,9310,9311,9316,9317,9318,9321,9323,9327,9328,9331,9337,9345,9348,9349,9352,9358,9359,9366,9368,9369,9370,9373,9374,9379,9380,9381,9383,9386,9391,9394,9395,9396,9398,9399,9401,9402,9404,9406,9415,9417,9419,9420,9421,9422,9425,9426,9427,9431,9432,9435,9438,9439,9443,9444,9446,9447,9448,9449,9450,9451,9452,9455,9456,9457,9459,9460,9461,9462,9463,9464,9469,9470,9471,9476,9477,9480,9481,9482,9483,9484,9485,9487,9488,9491,9492,9494,9495,9498,9501,9509,9510,9512,9514,9522,9524,9525,9527,9530,9534,9535,9540,9543,9549,9550,9552,9554,9556,9557,9559,9560,9561,9562,9564,9569,9571,9573,9574,9578,9579,9583,9584,9585,9586,9588,9592,9595,9596,9598,9599,9601,9604,9606,9609,9610,9611,9612,9619,9620,9622,9625,9626,9628,9630,9631,9634,9638,9639,9640,9642,9644,9648,9649,9650,9656,9657,9658,9660,9662,9667,9668,9673,9675,9678,9680,9685,9691,9692,9694,9695,9696,9697,9703,9706,9709,9715,9717,9719,9722,9725,9726,9728,9729,9737,9738,9743,9744,9746,9747,9749,9752,9754,9760,9766,9769,9770,9771,9773,9775,9777,9778,9780,9781,9782,9787,9788,9790,9792,9793,9795,9796,9797,9798,9799,9800,9801,9806,9811,9812,9815,9819,9820,9822,9824,9825,9826,9833,9835,9837,9840,9842,9843,9844,9848,9850,9851,9854,9856,9859,9860,9866,9867,9868,9869,9871,9874,9877,9881,9883,9884,9887,9895,9897,9901,9902,9904,9906,9909,9919,9920,9924,9928,9929,9930,9931,9937,9942,9943,9945,9951,9952,9953,9954,9956,9966,9967,9971,9972,9976,9977,9984,9985,9990,9993,9995,9997,9998,9999,10000,10001,10002,10007,10008,10009,10015,10016,10018,10019,10024,10026,10029,10033,10036,10037,10043,10048,10049,10053,10055,10063,10064,10068,10071,10072,10077,10080,10081,10082,10083,10091,10095,10098,10101,10103,10104,10106,10107,10109,10113,10114,10116,10118,10119,10126,10131,10134,10136,10137,10138,10140,10145,10149,10150,10154,10157,10160,10161,10168,10171,10173,10174,10176,10177,10178,10184,10185,10186,10189,10190,10192,10194,10198,10201,10202,10207,10208,10212,10214,10216,10219,10220,10222,10223,10225,10226,10229,10231,10233,10236,10238,10240,10241,10242,10243,10244,10250,10251,10253,10257,10258,10260,10262,10263,10271,10273,10274,10275,10277,10278,10280,10281
Cluster3:,8,9,10,26,39,48,55,60,75,76,77,99,104,115,117,120,125,135,136,148,159,161,162,164,165,171,178,180,181,187,191,192,194,216,218,226,232,242,252,258,260,262,268,272,281,287,293,297,302,304,307,315,325,331,335,340,341,346,349,360,362,368,381,395,401,402,405,409,414,436,438,449,450,461,472,473,478,494,498,499,508,518,519,531,534,545,546,552,554,564,566,576,581,588,604,615,627,629,636,644,645,646,657,661,662,670,676,683,686,709,717,723,731,732,734,742,749,751,753,757,758,759,760,767,769,774,782,785,788,790,791,794,801,810,815,817,818,819,825,831,834,837,838,843,848,850,854,858,865,872,874,893,895,896,898,901,903,904,909,911,913,928,934,939,943,953,954,959,964,965,975,985,989,994,997,1004,1005,1007,1013,1014,1020,1022,1024,1026,1031,1041,1043,1049,1050,1052,1053,1056,1058,1059,1074,1090,1097,1103,1113,1115,1116,1119,1124,1133,1136,1142,1150,1151,1154,1156,1157,1162,1163,1168,1172,1174,1177,1180,1193,1208,1212,1213,1214,1219,1229,1236,1244,1245,1249,1256,1258,1260,1263,1270,1284,1289,1291,1295,1301,1311,1312,1322,1330,1337,1339,1340,1341,1344,1345,1347,1355,1358,1370,1378,1381,1384,1387,1389,1395,1400,1402,1404,1406,1415,1419,1420,1422,1423,1425,1427,1428,1431,1434,1440,1443,1446,1448,1466,1485,1489,1491,1499,1501,1504,1514,1519,1520,1523,1524,1526,1528,1533,1538,1547,1548,1550,1554,1556,1559,1566,1571,1572,1574,1577,1578,1586,1587,1594,1595,1598,1599,1606,1612,1623,1626,1633,1634,1636,1637,1638,1639,1642,1644,1646,1649,1650,1660,1663,1666,1669,1676,1677,1693,1700,1712,1717,1718,1726,1737,1740,1741,1744,1754,1755,1758,1763,1769,1773,1781,1785,1787,1788,1792,1798,1799,1802,1806,1807,1811,1812,1813,1815,1820,1821,1822,1825,1836,1838,1844,1845,1848,1862,1865,1866,1868,1869,1871,1874,1877,1882,1883,1892,1898,1906,1917,1918,1928,1930,1939,1941,1952,1956,1959,1962,1963,1970,1973,1975,1976,1977,1979,1983,1990,1991,1995,1996,2008,2011,2012,2023,2024,2029,2032,2034,2044,2051,2052,2060,2065,2067,2071,2076,2077,2081,2088,2094,2106,2111,2118,2121,2123,2127,2130,2135,2143,2150,2161,2166,2169,2173,2178,2181,2194,2195,2199,2200,2201,2203,2204,2206,2220,2221,2229,2232,2258,2261,2263,2272,2294,2299,2302,2309,2310,2329,2330,2331,2335,2341,2352,2353,2354,2355,2366,2381,2382,2390,2397,2400,2422,2431,2435,2436,2439,2445,2446,2447,2448,2450,2451,2458,2459,2463,2464,2468,2469,2475,2481,2482,2486,2489,2491,2493,2496,2507,2518,2521,2524,2525,2528,2539,2545,2549,2551,2557,2559,2564,2569,2575,2586,2589,2592,2594,2599,2605,2617,2619,2620,2625,2628,2632,2634,2636,2638,2641,2645,2646,2649,2665,2679,2682,2685,2686,2687,2689,2690,2693,2697,2701,2705,2708,2711,2716,2718,2721,2732,2752,2756,2762,2764,2771,2773,2777,2779,2781,2782,2790,2793,2795,2796,2802,2815,2820,2822,2828,2833,2834,2851,2852,2858,2862,2863,2868,2873,2886,2888,2890,2891,2904,2911,2918,2919,2921,2930,2931,2934,2936,2939,2946,2947,2954,2956,2959,2961,2963,2964,2981,2987,2988,3000,3006,3010,3014,3015,3021,3023,3039,3046,3048,3056,3064,3066,3082,3085,3086,3087,3101,3107,3109,3116,3125,3134,3152,3153,3157,3160,3174,3177,3179,3186,3192,3196,3197,3206,3209,3231,3239,3240,3242,3244,3245,3247,3257,3258,3269,3277,3291,3302,3311,3321,3324,3333,3342,3358,3360,3363,3366,3370,3371,3386,3388,3390,3397,3408,3411,3412,3418,3419,3422,3423,3428,3436,3439,3440,3441,3442,3446,3448,3449,3452,3460,3469,3473,3476,3486,3487,3491,3495,3497,3500,3505,3524,3526,3529,3537,3539,3542,3546,3547,3548,3553,3560,3571,3574,3579,3589,3590,3592,3596,3598,3600,3602,3609,3615,3616,3627,3629,3644,3647,3648,3653,3654,3655,3661,3676,3680,3681,3686,3689,3692,3695,3701,3702,3707,3725,3730,3733,3738,3740,3744,3746,3748,3753,3755,3760,3768,3773,3792,3796,3797,3802,3806,3807,3808,3809,3817,3819,3823,3829,3841,3842,3857,3870,3872,3875,3878,3881,3888,3903,3906,3909,3919,3922,3928,3931,3937,3939,3942,3944,3949,3951,3953,3957,3969,3974,3976,3980,3985,3994,3998,4003,4015,4018,4019,4021,4025,4026,4030,4032,4040,4045,4046,4049,4052,4056,4057,4065,4066,4070,4073,4074,4078,4086,4096,4099,4109,4115,4116,4119,4127,4128,4130,4135,4137,4138,4152,4154,4161,4165,4186,4198,4202,4204,4208,4219,4225,4226,4230,4234,4239,4244,4247,4251,4255,4256,4258,4261,4277,4283,4285,4300,4304,4320,4325,4334,4342,4343,4349,4355,4356,4362,4374,4384,4385,4401,4406,4408,4425,4429,4433,4437,4444,4454,4455,4458,4460,4468,4474,4477,4480,4486,4495,4501,4508,4516,4528,4541,4543,4552,4554,4555,4558,4564,4571,4580,4583,4588,4592,4594,4598,4601,4605,4608,4610,4614,4615,4618,4620,4627,4630,4631,4643,4647,4653,4659,4661,4666,4669,4670,4678,4691,4703,4722,4726,4731,4736,4744,4745,4748,4750,4754,4762,4774,4778,4779,4780,4782,4783,4785,4787,4790,4800,4813,4824,4828,4834,4838,4853,4868,4873,4877,4878,4888,4890,4892,4894,4900,4905,4912,4914,4916,4921,4925,4929,4932,4936,4937,4938,4941,4953,4958,4959,4964,4968,4973,4995,4999,5002,5008,5036,5038,5044,5050,5053,5054,5055,5065,5067,5070,5081,5083,5089,5092,5099,5108,5113,5124,5125,5126,5132,5143,5147,5151,5152,5155,5165,5169,5179,5183,5193,5203,5204,5206,5207,5208,5221,5222,5223,5226,5231,5238,5247,5254,5273,5280,5281,5290,5294,5296,5304,5306,5312,5318,5320,5324,5335,5337,5339,5341,5342,5343,5347,5353,5363,5368,5374,5384,5385,5391,5401,5405,5410,5412,5414,5418,5419,5422,5441,5444,5453,5457,5462,5465,5478,5486,5488,5490,5493,5500,5502,5503,5507,5509,5512,5513,5524,5533,5536,5539,5541,5559,5566,5568,5570,5573,5576,5579,5588,5589,5605,5608,5615,5617,5634,5640,5643,5644,5647,5652,5654,5665,5667,5669,5675,5677,5683,5686,5691,5707,5723,5726,5734,5740,5744,5746,5747,5765,5767,5768,5773,5784,5788,5789,5790,5791,5794,5810,5813,5823,5829,5834,5836,5844,5847,5854,5855,5858,5876,5877,5881,5886,5895,5896,5898,5909,5924,5941,5944,5952,5954,5957,5958,5959,5970,5971,5974,5979,5981,5984,5985,5986,5988,5991,5992,6001,6004,6008,6010,6011,6013,6017,6021,6027,6034,6039,6041,6042,6047,6048,6063,6065,6066,6078,6089,6093,6095,6100,6106,6107,6111,6118,6120,6124,6130,6132,6138,6153,6156,6157,6165,6168,6169,6174,6175,6182,6192,6194,6201,6204,6207,6209,6210,6212,6221,6222,6229,6230,6251,6254,6257,6259,6260,6263,6272,6283,6284,6287,6289,6291,6296,6302,6304,6311,6327,6329,6335,6341,6342,6347,6352,6358,6361,6362,6367,6370,6382,6387,6398,6399,6402,6406,6418,6423,6428,6430,6439,6440,6446,6448,6464,6477,6499,6508,6517,6523,6527,6531,6533,6537,6542,6554,6555,6556,6575,6576,6582,6584,6587,6609,6617,6647,6648,6651,6659,6665,6666,6677,6686,6691,6693,6698,6699,6708,6711,6713,6730,6732,6744,6746,6751,6762,6770,6779,6782,6785,6787,6789,6792,6799,6812,6814,6821,6829,6830,6831,6835,6855,6861,6880,6881,6882,6887,6890,6891,6906,6909,6915,6923,6924,6931,6933,6936,6937,6947,6951,6957,6958,6960,6964,6968,6970,6982,6989,6995,6997,7001,7014,7035,7036,7056,7059,7061,7063,7065,7075,7087,7097,7100,7104,7107,7109,7117,7120,7122,7125,7132,7139,7140,7146,7154,7158,7165,7166,7169,7171,7176,7179,7181,7182,7190,7191,7199,7203,7206,7210,7212,7219,7223,7224,7230,7231,7232,7234,7245,7262,7265,7269,7273,7275,7276,7279,7292,7297,7298,7299,7300,7308,7316,7322,7328,7329,7331,7334,7336,7337,7343,7354,7357,7362,7363,7365,7366,7367,7370,7376,7379,7384,7403,7409,7410,7411,7412,7413,7416,7417,7418,7425,7437,7440,7455,7457,7465,7472,7480,7486,7488,7490,7496,7502,7508,7511,7517,7519,7522,7531,7535,7536,7538,7539,7542,7550,7556,7559,7576,7595,7600,7601,7602,7610,7618,7620,7621,7622,7625,7627,7633,7638,7642,7649,7650,7655,7658,7666,7667,7676,7685,7689,7692,7696,7702,7703,7705,7715,7720,7733,7744,7746,7758,7763,7764,7765,7767,7779,7780,7788,7789,7792,7796,7805,7816,7825,7831,7839,7841,7850,7851,7852,7861,7862,7863,7866,7872,7882,7884,7905,7906,7909,7920,7924,7929,7934,7939,7945,7953,7959,7967,7969,7970,7975,7977,7988,7989,8002,8004,8014,8018,8022,8024,8042,8048,8059,8072,8077,8087,8089,8091,8098,8105,8108,8110,8113,8115,8117,8118,8121,8122,8137,8141,8145,8164,8166,8169,8173,8180,8181,8183,8188,8189,8199,8202,8204,8212,8219,8226,8229,8231,8235,8237,8240,8241,8243,8245,8247,8251,8254,8259,8269,8279,8281,8283,8287,8293,8294,8296,8300,8306,8308,8315,8321,8322,8333,8336,8337,8338,8340,8341,8351,8355,8359,8367,8369,8374,8375,8376,8380,8386,8387,8388,8400,8403,8404,8415,8419,8425,8435,8452,8456,8457,8466,8469,8470,8481,8482,8485,8487,8489,8493,8495,8497,8510,8511,8515,8528,8531,8541,8544,8545,8548,8550,8556,8561,8575,8576,8587,8596,8615,8619,8621,8639,8646,8658,8659,8662,8663,8664,8665,8667,8669,8670,8674,8675,8679,8683,8697,8698,8704,8710,8715,8731,8734,8737,8740,8752,8757,8760,8761,8767,8773,8775,8777,8797,8799,8809,8810,8811,8815,8816,8817,8819,8843,8844,8856,8862,8864,8865,8870,8873,8879,8882,8887,8893,8895,8897,8900,8911,8915,8924,8925,8926,8927,8929,8934,8941,8954,8958,8964,8966,8973,8989,8993,8994,8995,8997,9004,9005,9006,9010,9014,9022,9026,9029,9032,9038,9039,9040,9042,9049,9058,9059,9061,9064,9065,9074,9076,9087,9090,9091,9093,9097,9101,9103,9108,9112,9114,9116,9119,9123,9125,9127,9129,9137,9139,9141,9143,9144,9149,9160,9169,9175,9176,9178,9184,9191,9193,9197,9200,9206,9209,9210,9216,9220,9224,9226,9228,9234,9235,9238,9241,9244,9251,9252,9253,9256,9266,9271,9279,9280,9281,9286,9299,9304,9307,9308,9310,9314,9317,9324,9328,9338,9345,9359,9374,9383,9390,9394,9399,9402,9414,9417,9420,9421,9432,9439,9446,9448,9459,9467,9469,9480,9487,9491,9494,9495,9498,9501,9504,9509,9510,9512,9522,9525,9532,9546,9554,9555,9557,9558,9559,9561,9562,9571,9585,9588,9595,9596,9601,9603,9606,9608,9610,9620,9621,9622,9623,9639,9645,9648,9649,9656,9660,9662,9667,9669,9671,9696,9701,9706,9712,9715,9725,9733,9737,9744,9745,9746,9771,9773,9777,9790,9791,9793,9796,9799,9808,9812,9822,9843,9844,9845,9848,9877,9881,9884,9885,9891,9901,9905,9906,9910,9918,9928,9930,9932,9942,9952,9956,9966,9973,9976,9978,9981,9984,9992,9993,10000,10001,10008,10015,10024,10025,10026,10032,10035,10047,10048,10053,10059,10061,10064,10068,10070,10071,10072,10085,10091,10097,10104,10113,10131,10160,10167,10172,10174,10189,10190,10192,10209,10210,10214,10216,10226,10232,10233,10238,10244,10253,10257,10271,10273,10274,10280,10281
Cluster4:,55,162,190,211,232,293,325,346,449,566,647,649,723,819,831,865,868,878,921,928,934,1095,1142,1219,1378,1427,1519,1642,1669,1740,1758,1820,1983,2150,2194,2204,2273,2330,2468,2619,2634,2682,2798,2856,2931,3370,3397,3418,3539,3706,3819,3969,4137,4153,4231,4334,4492,4608,4632,4834,4916,5054,5067,5092,5221,5304,5486,5589,5617,5673,5707,5734,5790,6192,6346,6444,6677,6726,6997,7001,7125,7720,7733,7924,7994,8059,8115,8188,8243,8400,8438,8530,8594,8663,8688,8760,8799,8811,8909,8926,9101,9123,9223,9304,9432,9435,9491,9495,9592,9639,9662,9745,9808,9952,9956,9976,10061,10189
Cluster5:,45,60,87,162,208,265,405,435,471,474,491,537,540,770,779,1085,1371,1394,1497,1663,1681,1690,1740,1863,1971,2114,2123,2421,2438,2524,2549,2589,2613,2698,2806,2846,2911,3056,3075,3113,3280,3476,3656,3756,3852,4066,4099,4111,4120,4187,4243,4330,4352,4405,4575,4618,4956,4959,5254,5301,5358,5428,5475,5580,5594,5604,5627,6068,6069,6120,6180,6228,6242,6365,6466,6493,6592,6782,6866,6962,6975,7056,7107,7306,7332,7377,7393,7413,7695,7713,8367,8462,8570,8728,8837,8854,8856,8911,8930,8942,9014,9074,9102,9134,9157,9252,9270,9376,9457,9488,9514,9524,9638,9726,9778,9781,9788,9843,9906,9945,9976,10015,10099,10131
Cluster6:,243,397,453,504,518,717,904,1049,1343,1395,1503,1560,1588,1674,1763,1823,1861,1863,1878,1946,2168,2198,2211,2218,2312,2373,2391,2400,2699,2730,2743,2814,3553,3730,3787,3977,4373,4447,4480,4628,4690,4748,4888,5000,5007,5140,5499,5501,5619,5645,5662,5690,5701,5744,5760,6003,6119,6147,6203,6204,6335,6347,6442,6512,6544,6708,6714,6821,7148,7207,7220,7298,7413,7446,7743,7770,8071,8125,8274,8369,8659,8683,8817,9184,9209,9226,9243,9383,9425,9557,9560,9574,9620,9744,9840,10016,10118,10238
Cluster7:,99,117,612,726,739,806,895,1003,1083,1146,1637,1674,1681,1838,2032,2134,2211,2568,2633,2675,2677,2814,2919,3124,3231,3280,3350,3439,3683,3706,3714,3777,3845,3958,4066,4431,4466,4522,4555,4595,4747,4775,4900,4912,5002,5024,5077,5118,5284,5304,5430,5464,5773,5774,5898,6423,6506,6518,6546,6683,6708,6769,6881,6940,6968,7144,7209,7227,7276,7292,7550,7621,7641,7775,8167,8240,8259,8311,8462,8477,8493,8520,8596,8625,8729,8773,9101,9198,9226,9243,9457,9554,9584,9626,9744,9930,9931,9966,10009,10049
Cluster8:,136,397,497,619,939,1079,1684,1956,2084,2095,2301,2581,3243,3477,3685,3792,4069,4900,4921,5287,5312,5350,5968,5974,6594,6624,6804,6921,7189,7424,7440,7934,8579,8625,8758,9585,9951
Cluster9:,8,20,39,42,52,76,79,87,101,115,119,135,140,157,158,163,165,181,188,204,208,221,237,248,252,258,274,287,293,315,321,325,335,336,337,355,364,376,400,405,422,435,449,467,472,474,478,484,505,519,534,537,538,540,588,591,602,620,642,645,650,661,663,676,679,698,732,750,752,767,774,779,783,787,796,808,830,838,863,885,891,900,905,911,930,943,954,975,978,993,1002,1023,1026,1032,1036,1038,1052,1059,1062,1064,1076,1079,1084,1091,1094,1097,1107,1113,1122,1135,1142,1150,1156,1177,1180,1181,1197,1208,1213,1216,1217,1222,1232,1234,1243,1246,1252,1259,1274,1281,1282,1298,1301,1339,1353,1360,1367,1392,1394,1395,1407,1419,1424,1431,1432,1437,1449,1469,1471,1475,1485,1497,1508,1511,1523,1524,1526,1533,1551,1577,1582,1588,1599,1607,1614,1682,1690,1712,1718,1721,1759,1784,1798,1822,1826,1833,1834,1861,1865,1872,1887,1890,1892,1893,1896,1902,1917,1921,1939,1942,1959,2042,2049,2079,2084,2114,2121,2127,2143,2151,2156,2161,2168,2182,2188,2191,2210,2278,2282,2295,2349,2355,2397,2406,2415,2434,2441,2450,2451,2459,2486,2488,2501,2502,2504,2524,2570,2584,2606,2613,2620,2631,2641,2649,2678,2689,2690,2697,2709,2723,2743,2756,2770,2777,2802,2820,2832,2833,2837,2844,2858,2862,2871,2875,2880,2891,2916,2924,2966,2974,2976,2987,2993,3021,3052,3066,3080,3113,3115,3125,3135,3151,3152,3162,3164,3191,3196,3197,3202,3203,3205,3207,3231,3239,3258,3273,3288,3295,3310,3311,3328,3338,3342,3346,3363,3408,3420,3422,3426,3442,3443,3450,3473,3478,3485,3491,3518,3527,3530,3539,3558,3560,3567,3598,3613,3616,3624,3643,3667,3671,3673,3674,3675,3682,3685,3686,3689,3706,3740,3746,3756,3760,3761,3773,3777,3787,3796,3797,3805,3819,3829,3844,3878,3889,3911,3923,3928,3941,3969,3979,3994,3996,4003,4011,4020,4029,4030,4040,4043,4054,4058,4086,4099,4105,4109,4125,4126,4128,4130,4148,4204,4218,4224,4231,4243,4247,4263,4271,4273,4319,4334,4342,4355,4362,4368,4375,4384,4396,4423,4468,4477,4490,4501,4510,4544,4557,4558,4580,4606,4618,4628,4633,4657,4667,4682,4693,4726,4731,4734,4742,4744,4748,4753,4782,4797,4807,4809,4810,4813,4831,4836,4847,4873,4881,4888,4905,4913,4916,4921,4929,4936,4958,4961,4972,4995,5000,5010,5038,5054,5069,5070,5088,5092,5095,5106,5124,5135,5143,5163,5167,5171,5172,5203,5230,5231,5241,5250,5253,5257,5258,5295,5297,5301,5320,5324,5337,5346,5376,5396,5401,5419,5464,5482,5494,5530,5533,5541,5557,5565,5566,5589,5594,5604,5606,5613,5615,5619,5627,5645,5647,5668,5676,5686,5691,5694,5707,5724,5733,5735,5740,5742,5746,5754,5767,5770,5786,5789,5813,5820,5835,5836,5839,5871,5872,5878,5900,5950,5951,5954,5956,5959,5968,5971,5973,5992,6035,6042,6048,6093,6099,6101,6105,6113,6119,6132,6135,6148,6166,6182,6211,6237,6242,6263,6313,6317,6339,6346,6352,6354,6365,6393,6412,6417,6424,6462,6493,6499,6522,6530,6531,6545,6571,6574,6575,6582,6589,6592,6607,6640,6647,6687,6711,6717,6730,6732,6757,6760,6805,6816,6821,6830,6832,6841,6851,6863,6878,6881,6887,6899,6905,6921,6923,6932,6938,6939,6941,6956,6962,6977,7004,7006,7015,7016,7059,7063,7079,7088,7097,7098,7109,7113,7115,7131,7132,7148,7154,7179,7190,7191,7213,7246,7263,7270,7273,7281,7282,7299,7307,7308,7315,7321,7328,7334,7338,7352,7360,7370,7376,7393,7398,7424,7425,7433,7451,7490,7511,7517,7536,7546,7556,7569,7617,7620,7655,7667,7671,7687,7689,7693,7696,7721,7734,7738,7746,7750,7763,7813,7852,7870,7884,7905,7920,7935,7946,7953,7970,7987,7988,7997,8004,8014,8016,8021,8026,8032,8060,8068,8069,8077,8089,8130,8163,8176,8179,8189,8199,8238,8251,8269,8310,8337,8341,8362,8381,8382,8462,8467,8486,8489,8504,8510,8520,8533,8534,8541,8550,8562,8564,8568,8576,8578,8599,8625,8659,8675,8683,8688,8692,8698,8713,8723,8728,8732,8758,8763,8772,8782,8785,8788,8809,8810,8821,8887,8890,8894,8899,8908,8921,8924,8939,8941,8968,8997,9001,9005,9029,9037,9039,9060,9074,9087,9088,9101,9110,9112,9127,9129,9160,9167,9169,9184,9189,9210,9213,9216,9222,9228,9234,9235,9238,9241,9268,9271,9283,9301,9308,9311,9352,9358,9373,9379,9380,9387,9396,9426,9443,9447,9455,9456,9459,9470,9471,9476,9477,9501,9513,9522,9525,9527,9528,9531,9532,9543,9550,9571,9574,9583,9584,9586,9592,9601,9602,9604,9634,9638,9644,9666,9673,9675,9685,9745,9749,9760,9766,9806,9816,9835,9837,9845,9850,9869,9872,9883,9909,9931,9951,9954,9990,10007,10008,10035,10047,10070,10071,10104,10116,10131,10137,10174,10178,10186,10209,10233,10238,10244,10253,10260,10263,10280,10281
Cluster10:,224,753,1343,1650,2539,2798,2996,3653,3938,4447,4482,4929,5125,5353,5597,5607,5701,5998,6307,6864,7133,7413,8926,10126,10177
Cluster11:,236,529,619,1003,1339,1628,4065,4165,4882,5036,5669,5968,6995,7220,9871
Cluster12:,48,55,57,76,87,102,139,165,177,208,216,221,268,291,293,305,320,330,340,354,376,387,443,471,474,484,497,540,543,552,578,627,652,664,670,697,700,749,863,905,913,952,972,997,1013,1017,1049,1071,1074,1140,1169,1171,1174,1188,1190,1217,1219,1279,1286,1310,1352,1386,1394,1406,1423,1424,1428,1448,1470,1497,1501,1503,1519,1567,1574,1598,1620,1633,1659,1665,1681,1682,1690,1726,1784,1788,1813,1821,1827,1834,1845,1863,1868,1917,1918,1953,1983,1996,2030,2032,2094,2099,2108,2111,2114,2121,2123,2134,2139,2151,2161,2168,2193,2275,2286,2293,2312,2318,2341,2390,2402,2415,2434,2469,2486,2521,2524,2556,2587,2614,2618,2635,2654,2664,2693,2711,2721,2723,2747,2771,2777,2785,2787,2788,2790,2802,2806,2809,2822,2894,2929,2964,2966,2973,2981,2994,3002,3034,3086,3116,3130,3149,3168,3185,3194,3203,3218,3226,3260,3273,3317,3325,3342,3393,3443,3469,3470,3496,3523,3526,3532,3533,3539,3542,3549,3560,3577,3579,3613,3643,3709,3714,3771,3784,3788,3816,3826,3847,3882,3919,3921,3977,3982,4002,4011,4025,4051,4104,4111,4120,4147,4175,4188,4195,4202,4235,4241,4255,4261,4303,4334,4340,4343,4351,4355,4377,4433,4455,4501,4510,4552,4561,4564,4574,4575,4576,4592,4609,4618,4641,4654,4669,4703,4738,4744,4750,4780,4797,4798,4829,4858,4979,5002,5029,5060,5068,5071,5078,5083,5127,5256,5280,5283,5307,5318,5349,5353,5358,5381,5401,5406,5414,5464,5465,5471,5496,5499,5526,5533,5542,5557,5558,5573,5576,5577,5580,5604,5607,5617,5623,5644,5658,5694,5716,5739,5744,5768,5777,5788,5809,5827,5844,5852,5858,5913,5944,5958,5971,5972,5974,5986,6013,6035,6051,6087,6141,6155,6210,6216,6263,6271,6288,6289,6299,6345,6359,6369,6370,6377,6388,6408,6452,6465,6466,6484,6496,6508,6516,6517,6542,6564,6584,6608,6635,6636,6647,6663,6689,6709,6720,6759,6769,6812,6821,6843,6847,6851,6866,6877,6890,6924,6928,6968,6982,7061,7079,7082,7127,7131,7149,7171,7190,7191,7207,7230,7316,7337,7368,7370,7381,7393,7417,7443,7488,7550,7584,7598,7646,7689,7695,7719,7734,7745,7763,7831,7869,7874,7959,7990,8104,8124,8134,8137,8139,8141,8172,8179,8183,8196,8199,8221,8238,8289,8291,8315,8354,8359,8367,8466,8488,8524,8531,8533,8568,8569,8570,8649,8662,8665,8684,8698,8731,8788,8793,8821,8840,8843,8856,8879,8884,8890,8894,8912,8921,8942,8960,8967,9006,9010,9013,9049,9060,9069,9074,9076,9085,9134,9179,9184,9198,9222,9228,9241,9254,9270,9301,9364,9381,9385,9394,9398,9422,9455,9461,9467,9503,9534,9540,9555,9562,9585,9591,9634,9638,9639,9660,9666,9680,9692,9698,9709,9726,9733,9754,9755,9787,9833,9852,9869,9871,9902,9904,9931,9954,9971,10077,10097,10099,10149,10173,10181,10202,10216,10233,10257,10260,10273
Cluster13:,38,45,52,57,59,104,117,133,148,158,178,181,187,192,210,217,218,224,241,242,248,250,260,265,268,271,288,294,302,304,319,320,330,340,344,346,354,361,373,402,414,430,437,443,449,453,465,468,484,506,510,526,540,544,545,619,636,638,652,664,704,726,741,742,757,769,791,815,817,826,852,858,867,868,891,906,911,915,919,950,964,1002,1003,1005,1007,1014,1024,1026,1049,1064,1089,1097,1113,1124,1136,1137,1162,1163,1167,1188,1209,1212,1234,1253,1259,1260,1279,1282,1298,1310,1345,1347,1375,1377,1381,1384,1386,1400,1424,1439,1442,1443,1473,1481,1482,1483,1495,1497,1499,1508,1533,1550,1588,1597,1625,1646,1655,1660,1666,1667,1690,1723,1745,1761,1766,1799,1814,1827,1844,1868,1893,1906,1912,1928,1930,1940,1953,1959,1972,1983,2001,2011,2022,2032,2064,2071,2084,2094,2121,2135,2139,2153,2161,2166,2176,2206,2218,2222,2229,2234,2244,2311,2316,2323,2330,2341,2349,2354,2355,2371,2398,2420,2422,2429,2436,2441,2444,2446,2450,2469,2482,2496,2511,2524,2549,2566,2568,2582,2587,2613,2616,2617,2633,2641,2643,2656,2689,2690,2705,2709,2711,2721,2723,2725,2730,2740,2749,2760,2779,2788,2808,2815,2833,2834,2838,2849,2856,2858,2863,2875,2891,2898,2903,2911,2918,2929,2947,2955,2956,2974,2976,2988,2996,3000,3026,3032,3034,3052,3068,3086,3101,3113,3116,3125,3130,3134,3153,3168,3185,3192,3195,3202,3203,3205,3218,3231,3236,3239,3297,3311,3330,3348,3369,3372,3386,3416,3419,3422,3424,3439,3441,3457,3470,3496,3497,3518,3523,3543,3548,3549,3554,3584,3585,3601,3609,3616,3627,3632,3647,3661,3669,3676,3681,3691,3714,3716,3725,3738,3742,3759,3768,3776,3777,3788,3802,3823,3832,3838,3857,3901,3928,3932,3944,3963,3985,4001,4009,4015,4024,4030,4048,4056,4072,4078,4096,4105,4110,4125,4130,4154,4201,4202,4218,4239,4243,4244,4277,4279,4317,4319,4342,4344,4350,4362,4376,4405,4406,4410,4423,4425,4429,4443,4455,4477,4492,4495,4499,4510,4516,4520,4545,4552,4554,4556,4557,4567,4575,4576,4589,4595,4598,4601,4609,4610,4615,4635,4642,4643,4649,4657,4658,4664,4711,4720,4722,4748,4750,4754,4755,4778,4782,4796,4798,4809,4823,4858,4861,4877,4888,4905,4916,4921,4925,4928,4942,4959,4969,4973,4979,4989,4999,5008,5024,5044,5050,5070,5090,5114,5123,5140,5155,5158,5159,5171,5193,5199,5219,5226,5230,5253,5256,5270,5283,5287,5295,5297,5301,5310,5333,5346,5349,5351,5358,5374,5384,5387,5396,5405,5418,5428,5434,5448,5475,5478,5482,5501,5524,5528,5533,5537,5542,5546,5551,5555,5576,5580,5589,5594,5604,5605,5615,5617,5619,5627,5644,5652,5659,5665,5668,5672,5682,5707,5712,5716,5723,5726,5727,5739,5746,5753,5767,5773,5784,5790,5809,5810,5827,5835,5838,5839,5846,5872,5886,5889,5898,5902,5910,5912,5938,5948,5956,5962,5971,5973,5984,5990,5994,5998,5999,6018,6029,6034,6042,6063,6065,6080,6083,6119,6120,6124,6130,6134,6135,6157,6159,6163,6165,6166,6169,6194,6202,6222,6227,6247,6271,6272,6279,6284,6293,6299,6334,6342,6359,6376,6382,6388,6412,6417,6424,6427,6432,6433,6479,6480,6487,6511,6516,6522,6523,6533,6541,6564,6573,6576,6587,6597,6598,6607,6618,6636,6651,6662,6666,6677,6685,6689,6698,6699,6708,6717,6721,6774,6779,6780,6789,6812,6816,6832,6847,6851,6854,6866,6883,6912,6924,6936,6937,6951,6957,6965,6971,6975,6992,6997,7001,7015,7021,7033,7036,7039,7052,7061,7065,7072,7085,7182,7186,7191,7203,7207,7209,7220,7243,7249,7263,7274,7279,7281,7300,7301,7322,7332,7361,7363,7370,7393,7412,7417,7425,7429,7444,7465,7472,7485,7510,7512,7517,7519,7522,7537,7560,7563,7569,7593,7600,7610,7622,7628,7650,7655,7672,7677,7689,7696,7713,7719,7720,7721,7723,7734,7743,7746,7750,7763,7764,7767,7779,7797,7810,7813,7822,7828,7836,7841,7851,7860,7869,7890,7896,7917,7939,7953,7983,8033,8039,8040,8059,8080,8084,8087,8093,8101,8104,8113,8116,8124,8141,8146,8165,8182,8191,8194,8221,8231,8237,8240,8247,8266,8280,8285,8296,8303,8311,8315,8326,8337,8345,8351,8360,8363,8372,8376,8382,8391,8398,8410,8425,8429,8434,8452,8458,8476,8481,8488,8511,8524,8540,8545,8546,8564,8591,8592,8594,8596,8602,8608,8621,8647,8658,8662,8667,8684,8688,8692,8711,8716,8723,8728,8743,8758,8782,8784,8794,8813,8821,8834,8839,8850,8856,8870,8876,8894,8902,8905,8907,8915,8925,8943,8948,8954,8960,8973,8989,9009,9014,9016,9024,9040,9042,9060,9062,9063,9064,9066,9102,9125,9134,9143,9144,9166,9179,9252,9254,9264,9280,9309,9331,9349,9370,9380,9381,9388,9390,9394,9402,9414,9427,9431,9443,9451,9452,9455,9459,9460,9462,9464,9485,9522,9535,9552,9562,9564,9569,9574,9585,9586,9592,9599,9612,9626,9628,9649,9667,9673,9678,9687,9692,9697,9715,9717,9729,9747,9755,9771,9781,9792,9800,9801,9824,9825,9833,9843,9845,9850,9870,9871,9872,9883,9891,9904,9929,9937,9943,9951,9966,10000,10001,10007,10009,10019,10024,10071,10072,10109,10113,10131,10134,10157,10174,10208,10209,10212,10220,10257,10258,10271
Cluster14:,67,144,280,301,339,381,389,439,472,746,788,856,922,958,972,1014,1116,1249,1260,1279,1281,1380,1404,1432,1439,1449,1455,1470,1559,1560,1582,1722,1773,1800,1819,2021,2035,2044,2112,2218,2272,2273,2275,2327,2390,2394,2415,2441,2476,2493,2539,2596,2680,2709,2752,2796,2837,2885,2890,2911,2987,3012,3077,3115,3206,3442,3443,3450,3490,3592,3682,3713,3726,3729,3772,3859,3885,3933,3976,4054,4065,4099,4195,4216,4264,4363,4508,4547,4582,4635,4657,4774,4810,4830,4842,4878,4965,4969,5044,5180,5195,5252,5301,5393,5398,5530,5537,5604,5618,5631,5641,5727,5769,5865,5950,5959,5979,6030,6047,6101,6162,6210,6221,6252,6271,6329,6454,6477,6544,6581,6709,6738,6761,6829,6837,6844,6861,6915,6941,6950,6971,7100,7112,7172,7209,7297,7322,7384,7392,7408,7439,7613,7622,7639,7677,7698,7704,7705,7727,7835,7852,7863,7879,7896,7908,7976,7988,8069,8151,8183,8255,8367,8587,8644,8887,8894,8966,8998,9009,9025,9074,9194,9213,9244,9319,9471,9487,9514,9554,9574,9599,9685,9843,9854,9919,9976,9995,10050,10070,10118,10145,10150,10244
Cluster15:,10,20,80,84,99,162,177,180,218,238,252,299,307,321,325,331,337,400,424,450,462,478,494,554,606,686,700,704,742,801,810,837,857,865,880,898,913,924,964,992,1034,1035,1072,1097,1173,1202,1219,1236,1249,1279,1301,1302,1306,1408,1420,1422,1431,1443,1487,1547,1549,1624,1658,1726,1765,1767,1768,1773,1845,1877,1928,1948,1954,2001,2086,2181,2199,2244,2260,2272,2302,2331,2368,2511,2521,2574,2581,2590,2599,2618,2619,2683,2725,2760,2762,2764,2770,2796,2814,2856,2886,2888,2921,2931,2965,2974,3018,3052,3066,3197,3212,3270,3297,3302,3360,3371,3372,3386,3388,3398,3439,3470,3476,3486,3539,3544,3553,3558,3580,3586,3599,3654,3661,3692,3702,3759,3778,3919,3937,3945,3980,4011,4030,4052,4057,4058,4070,4116,4138,4204,4223,4263,4292,4297,4300,4342,4402,4455,4459,4460,4480,4483,4492,4501,4541,4553,4594,4614,4629,4664,4819,4829,4851,4879,4912,4929,4968,5020,5050,5065,5092,5095,5142,5155,5221,5223,5293,5387,5393,5444,5509,5592,5608,5617,5620,5634,5659,5683,5690,5707,5771,5790,5809,5810,5820,5827,5831,5834,5905,5933,5954,5979,5985,6004,6020,6079,6093,6104,6167,6169,6192,6201,6228,6242,6260,6279,6313,6323,6362,6369,6370,6393,6444,6446,6457,6460,6486,6508,6537,6557,6563,6597,6636,6651,6659,6677,6686,6691,6770,6772,6787,6886,6909,6925,7039,7062,7101,7143,7145,7166,7186,7262,7276,7357,7370,7393,7401,7406,7410,7416,7460,7484,7533,7587,7595,7627,7662,7723,7801,7806,7818,7831,7869,7909,7929,7935,7961,7988,7989,7991,8039,8142,8259,8323,8338,8359,8367,8370,8400,8404,8456,8458,8487,8506,8545,8550,8562,8619,8712,8737,8763,8797,8800,8857,8865,8899,8925,8966,8980,8997,9038,9074,9149,9195,9200,9213,9252,9257,9310,9311,9323,9362,9378,9383,9427,9459,9467,9532,9535,9562,9599,9606,9612,9662,9733,9737,9792,9799,9845,9909,9918,9967,9984,9986,10008,10064,10068,10113,10189,10232,10234,10263,10273,10280
